0,1084
0,1272
0,1339
0,1387
0,1493
1,265
1,287
1,1461
1,1491
1,1840
2,3
2,581
2,718
2,1456
3,258
3,295
3,323
3,581
3,1129
3,1456
3,1636
4,357
4,1086
4,1411
4,1487
4,1746
4,1903
5,48
5,260
5,451
5,592
5,1382
6,143
6,151
6,424
6,788
6,978
6,1119
6,1351
6,1743
6,1894
7,164
7,511
7,553
7,1029
7,1964
8,88
8,251
8,281
8,307
8,352
8,384
8,507
8,513
8,558
8,574
8,610
8,722
8,725
8,836
8,916
8,1001
8,1005
8,1126
8,1399
8,1409
8,1620
8,1650
8,1804
8,1829
8,1878
8,1999
9,72
9,518
9,555
9,1203
9,1887
10,903
10,1651
10,1704
10,1711
11,1693
12,167
12,193
12,407
12,500
12,539
12,709
12,796
12,971
12,1111
12,1570
12,1574
12,1850
12,1935
13,94
13,228
13,366
13,616
13,655
13,753
13,1263
13,1431
13,1497
13,1720
13,1728
14,19
14,153
14,166
14,791
14,1267
14,1955
14,1974
15,185
15,250
15,392
15,636
15,818
15,822
15,1088
15,1165
15,1349
16,530
16,906
16,1105
16,1131
16,1381
16,1598
16,1858
16,1871
17,550
17,578
17,814
17,1060
17,1095
17,1175
17,1403
17,1449
17,1573
17,1797
17,1904
17,1916
18,270
18,866
18,1447
18,1506
18,1762
19,791
19,1267
19,1522
19,1719
19,1974
20,207
20,614
20,652
20,668
20,779
20,801
20,851
20,990
20,994
20,1018
20,1424
20,1579
20,1759
20,1822
21,242
21,492
21,495
21,561
21,649
21,901
22,487
22,506
22,619
22,1070
22,1928
23,717
23,969
23,1110
23,1188
23,1689
23,1795
24,53
24,400
24,483
24,940
24,1367
25,76
25,436
25,640
25,899
25,1350
25,1580
26,356
26,375
26,807
26,940
26,964
26,1130
26,1541
27,75
27,79
27,98
27,755
27,847
27,898
27,1267
27,1522
27,1719
27,1974
28,152
28,223
28,1065
28,1157
28,1802
28,1813
28,1977
29,153
29,173
29,435
29,755
29,1032
29,1726
29,1926
29,1974
30,347
30,378
30,707
30,896
30,1134
30,1216
30,1319
30,1410
30,1462
30,1608
30,1707
30,1801
30,1803
30,1831
31,348
31,468
31,798
31,873
31,1190
31,1557
32,77
32,346
32,742
32,1193
32,1371
32,1416
32,1420
33,803
33,820
33,847
33,957
33,1430
33,1522
33,1687
34,189
34,395
34,1224
34,1441
35,336
35,510
35,532
35,607
35,685
35,745
35,815
35,838
35,1099
35,1174
35,1273
35,1450
35,1550
35,1624
36,387
36,889
36,1711
37,230
37,648
37,743
37,766
37,808
37,1050
37,1413
37,1789
38,366
38,603
38,616
38,894
38,924
38,993
38,1022
38,1288
38,1378
38,1728
39,1078
39,1286
39,1376
39,1680
40,252
40,256
40,385
40,451
40,592
40,869
40,961
40,980
40,1095
40,1356
40,1403
40,1674
40,1797
40,1810
40,1855
40,1858
40,1920
41,299
41,491
41,570
41,1313
41,1442
41,1657
41,1785
42,155
42,248
42,435
42,1521
42,1611
42,1726
42,1942
43,693
43,736
43,949
43,1197
43,1301
43,1631
43,1751
44,169
44,490
44,1341
44,1379
44,1644
44,1844
44,1946
45,576
45,663
45,752
45,797
46,876
46,974
46,1007
46,1053
46,1485
47,650
47,1123
47,1636
48,459
48,592
48,814
48,844
48,1095
48,1573
49,448
49,489
49,865
49,1233
49,1407
49,1564
49,1605
49,1633
49,1832
50,132
50,135
50,186
50,259
50,689
50,754
50,793
50,849
50,939
50,1107
50,1247
50,1569
51,423
51,439
51,617
51,701
51,1051
51,1133
51,1219
51,1637
51,1643
51,1715
51,1729
52,177
52,697
52,1169
52,1326
52,1411
53,356
53,375
53,483
53,692
53,807
53,940
53,1248
54,131
54,174
54,255
54,269
54,333
54,355
54,625
54,643
54,792
54,833
54,963
54,965
54,999
54,1013
54,1132
54,1162
54,1327
54,1474
54,1767
54,1838
54,1949
55,849
55,941
55,1717
55,1731
56,289
56,975
56,1423
56,1438
56,1658
56,1691
57,862
57,956
57,1038
57,1239
57,1465
57,1710
57,1724
57,1752
57,1952
57,1953
58,64
58,613
59,62
59,92
59,132
59,139
59,166
59,354
59,631
59,657
59,754
59,764
59,801
59,810
59,871
59,939
59,977
59,1019
59,1155
59,1281
59,1372
59,1528
59,1718
59,1955
60,65
60,138
60,168
60,541
60,1022
60,1041
60,1242
60,1244
60,1324
60,1873
61,246
61,637
61,704
61,715
61,1121
61,1335
61,1385
62,354
62,668
62,712
62,754
62,764
62,801
62,810
62,871
62,977
62,1019
62,1236
62,1372
62,1384
62,1463
62,1521
62,1528
62,1579
63,485
63,711
63,1360
63,1594
64,1461
65,168
65,228
65,541
65,639
65,651
65,769
65,1022
65,1041
65,1072
65,1242
65,1346
65,1497
65,1873
65,1896
66,266
66,353
66,632
66,635
66,935
66,958
66,968
66,1111
66,1113
66,1146
66,1191
66,1329
66,1792
66,1850
67,174
67,292
67,653
67,709
67,796
67,923
67,938
67,971
67,1265
67,1467
67,1745
67,1935
67,1990
68,190
68,325
68,334
68,448
68,699
68,1030
69,118
69,231
69,864
69,1215
69,1315
69,1975
70,310
70,326
70,1149
71,89
71,516
71,885
71,1291
71,1501
72,294
72,518
72,555
72,909
72,1203
72,1208
73,301
73,546
73,981
73,1676
73,1917
74,184
74,421
74,519
74,760
74,864
74,1138
74,1217
74,1245
74,1284
74,1782
75,79
75,80
75,98
75,847
75,898
75,1430
76,436
76,717
76,1252
76,1350
76,1580
76,1632
77,346
77,396
77,1193
77,1371
77,1475
77,1484
78,885
78,1408
79,98
79,755
79,847
79,872
79,898
79,1719
79,1974
80,1330
80,1430
80,1515
81,689
81,712
81,1569
81,1640
81,1901
82,388
83,314
83,733
83,883
83,925
83,931
83,985
83,1176
84,107
84,127
84,308
85,86
85,170
85,309
85,403
85,411
85,536
85,579
85,580
85,716
85,955
85,1337
85,1531
85,1545
85,1599
85,1775
86,309
86,536
86,716
86,1471
86,1479
86,1545
86,1599
87,126
87,212
87,373
87,659
87,1634
87,1684
87,1766
88,262
88,384
88,507
88,513
88,531
88,558
88,574
88,596
88,687
88,722
88,836
88,998
88,1001
88,1068
88,1494
88,1620
88,1630
88,1781
88,1869
89,516
89,618
89,885
89,1210
89,1354
89,1400
89,1406
89,1455
90,1481
90,1758
90,1800
91,795
91,1145
91,1622
91,1661
91,1979
92,132
92,139
92,166
92,259
92,354
92,631
92,657
92,754
92,764
92,810
92,871
92,939
92,977
92,1019
92,1155
92,1281
92,1372
92,1528
92,1718
92,1926
92,1955
93,124
93,156
93,313
93,473
93,740
93,799
93,975
93,1012
93,1544
93,1658
93,1744
94,753
94,827
94,1263
94,1330
94,1431
94,1497
94,1913
94,1995
95,290
95,806
95,1040
95,1118
95,1943
96,840
97,652
97,1211
97,1254
97,1295
97,1422
97,1508
97,1709
97,1837
98,755
98,847
98,898
98,1719
99,350
99,462
99,976
99,1571
99,1742
99,1944
100,497
100,887
100,1181
101,131
101,269
101,632
101,664
101,713
101,805
101,958
101,1033
101,1316
101,1647
101,1691
101,1819
101,1847
101,1862
102,179
102,438
102,540
102,642
102,950
102,966
102,1139
102,1453
102,1537
102,1707
102,1907
103,123
103,144
103,187
103,823
103,895
103,1448
103,1478
103,1519
103,1700
103,1723
103,1863
104,457
104,463
104,728
104,829
104,1243
104,1555
104,1656
104,1808
104,1860
105,240
105,456
105,816
105,1183
105,1604
105,1737
105,1783
105,1830
106,573
106,589
106,621
106,859
107,127
107,194
107,973
107,1755
108,231
108,250
108,392
108,822
108,1088
108,1138
108,1284
108,1786
109,158
109,167
109,193
109,407
109,426
109,635
109,709
109,796
109,829
109,1251
109,1374
109,1688
109,1841
111,266
111,353
111,444
111,500
111,635
111,728
111,800
111,829
111,935
111,968
111,1101
111,1111
111,1113
111,1329
111,1418
111,1574
111,1688
111,1716
111,1850
112,807
112,819
112,1240
112,1393
112,1526
112,1702
113,122
113,364
113,1422
114,724
114,794
114,1237
114,1891
115,856
115,944
115,1988
116,452
116,907
116,1125
116,1388
116,1738
116,1982
117,405
117,620
117,781
117,867
117,1017
117,1180
117,1440
117,1892
117,1906
117,1933
118,203
118,241
118,267
118,408
118,674
118,737
118,818
118,1144
118,1315
118,1911
119,839
119,1748
120,247
120,376
120,825
121,233
121,235
121,463
121,615
121,1368
121,1476
122,291
122,364
122,863
122,1076
122,1422
122,1429
122,1782
123,144
123,823
123,895
123,1389
123,1448
123,1519
123,1700
123,1723
123,1863
123,1940
124,313
124,473
124,740
124,767
124,799
124,824
124,975
124,1011
124,1012
124,1316
124,1544
124,1744
124,1760
124,1808
124,1834
125,209
125,317
125,1236
125,1384
125,1901
125,1992
126,373
126,804
126,932
126,1141
126,1445
126,1634
126,1684
126,1766
126,1880
127,308
127,496
127,1443
128,1087
128,1323
128,1602
128,1614
129,1404
130,714
130,1079
130,1609
130,1993
131,269
131,302
131,355
131,664
131,713
131,805
131,833
131,958
131,963
131,1033
131,1132
131,1162
131,1316
131,1327
131,1647
131,1819
131,1838
131,1847
131,1862
131,1914
132,139
132,166
132,259
132,354
132,631
132,657
132,712
132,754
132,764
132,810
132,871
132,939
132,977
132,1019
132,1107
132,1155
132,1281
132,1372
132,1528
132,1718
132,1936
132,1955
133,830
133,949
133,1177
133,1219
133,1976
134,1391
135,186
135,259
135,689
135,1189
135,1820
135,1900
136,195
136,537
136,693
136,854
136,1110
136,1582
136,1761
137,179
137,204
137,293
137,438
137,640
137,896
137,1322
137,1453
137,1537
137,1707
137,1721
138,244
138,249
138,505
138,1022
138,1041
138,1244
138,1288
139,153
139,166
139,259
139,435
139,631
139,754
139,871
139,939
139,1155
139,1372
139,1528
139,1718
139,1926
139,1955
140,790
140,852
140,1507
140,1642
141,319
141,583
141,821
141,1052
141,1361
142,997
142,1178
142,1464
142,1489
143,272
143,312
143,424
143,788
143,978
143,1042
143,1119
143,1318
143,1351
143,1743
143,1894
144,895
144,1448
144,1519
144,1700
144,1723
144,1940
145,432
145,750
145,951
145,1080
145,1106
145,1240
145,1302
145,1992
146,437
146,702
146,1903
146,1951
147,817
147,874
147,1938
148,253
148,370
148,511
148,515
148,560
148,917
148,1029
148,1096
148,1964
149,1328
150,232
150,246
150,1385
151,202
151,788
151,1020
151,1351
151,1465
152,434
152,646
152,1057
152,1167
152,1848
153,166
153,435
153,755
153,1267
153,1719
153,1955
153,1974
154,762
154,1128
154,1499
154,1546
154,1677
154,1780
154,1924
155,248
155,810
155,871
155,977
155,1521
156,473
156,720
156,799
156,1012
156,1413
156,1589
156,1744
157,160
157,212
157,277
157,327
157,380
157,383
157,433
157,946
157,1172
157,1194
157,1856
157,1874
157,1966
158,167
158,367
158,426
158,709
158,790
158,796
158,852
158,934
158,1251
158,1366
158,1374
158,1490
158,1532
158,1623
159,257
159,258
159,855
159,879
159,888
159,913
159,1115
159,1382
159,1459
159,1646
159,1909
160,205
160,277
160,327
160,361
160,380
160,561
160,727
160,946
160,1194
160,1874
161,331
162,676
162,1084
162,1516
162,1664
163,205
163,361
163,492
163,548
163,721
163,843
163,962
163,1212
163,1793
163,1905
163,1923
164,1029
164,1769
165,342
165,390
165,952
165,1164
165,1962
166,631
166,871
166,1155
166,1281
166,1372
166,1528
166,1955
167,193
167,407
167,426
167,500
167,539
167,635
167,709
167,796
167,829
167,1111
167,1251
167,1374
167,1532
167,1570
167,1574
167,1688
167,1841
168,228
168,541
168,651
168,1041
168,1242
168,1346
168,1873
169,490
169,595
169,868
169,1341
169,1379
169,1381
169,1470
169,1578
169,1598
169,1644
169,1741
169,1844
170,403
170,411
170,579
170,580
170,955
170,1289
170,1853
171,455
171,789
171,1461
172,178
172,348
172,1725
172,1996
173,216
173,872
173,1032
174,255
174,292
174,333
174,923
174,936
174,965
174,971
174,999
174,1013
174,1146
174,1162
174,1249
174,1342
174,1368
174,1474
174,1476
174,1745
174,1767
174,1949
174,1990
175,544
175,1075
175,1091
175,1637
175,1715
177,1169
177,1559
177,1575
178,348
178,1331
178,1498
178,1996
179,204
179,293
179,438
179,642
179,896
179,1537
179,1721
180,187
180,1038
180,1231
180,1264
180,1466
180,1940
181,268
181,640
181,899
181,1081
181,1319
181,1410
181,1460
181,1768
181,1803
181,1812
182,410
182,535
182,839
182,1558
182,1732
183,206
183,224
183,339
183,422
183,522
183,523
183,861
183,862
183,1366
183,1713
183,1724
183,1835
183,1952
183,1978
184,421
184,1245
184,1353
185,196
185,250
185,288
185,392
185,636
185,680
185,822
185,1073
185,1088
185,1349
186,200
186,689
186,1820
186,1895
186,1900
187,823
187,1038
187,1239
187,1264
187,1389
187,1466
187,1519
187,1723
187,1752
188,910
188,1672
188,1989
189,605
189,1441
190,467
191,475
191,499
191,596
191,687
191,1002
191,1061
191,1159
191,1199
191,1260
191,1311
191,1401
191,1833
191,1927
191,1929
191,1930
191,1965
192,508
192,611
192,838
192,960
192,1272
192,1339
192,1493
192,1938
193,407
193,426
193,500
193,539
193,635
193,709
193,796
193,971
193,1111
193,1251
193,1366
193,1374
193,1532
193,1570
193,1574
193,1688
193,1841
193,1850
193,1935
194,240
194,305
194,415
194,456
194,470
194,606
194,1098
194,1183
194,1604
194,1755
194,1830
195,537
195,617
195,693
195,854
195,1110
195,1582
196,1073
196,1083
196,1192
196,1305
196,1389
196,1816
197,331
197,345
197,590
197,596
197,831
197,900
197,1397
197,1421
197,1455
197,1779
198,503
198,542
198,1117
198,1246
198,1306
198,1321
198,1367
198,1934
200,216
200,819
200,1240
200,1591
200,1820
200,1895
201,252
201,285
201,318
201,419
201,524
201,584
201,609
201,641
201,666
201,682
201,1127
201,1158
201,1518
201,1797
201,1855
203,231
203,267
203,737
203,760
203,818
203,863
203,928
203,1144
203,1165
203,1315
203,1429
203,1796
203,1911
204,293
204,640
205,361
205,492
205,721
205,727
205,1212
205,1213
205,1613
205,1757
206,224
206,422
206,522
206,523
206,577
206,861
206,862
206,934
206,1366
206,1374
206,1490
206,1532
206,1710
206,1835
206,1952
207,614
207,652
207,668
207,712
207,779
207,1236
207,1579
207,1640
207,1822
208,223
208,399
208,461
208,1085
208,1122
208,1802
209,317
209,951
209,1262
209,1992
210,299
210,621
210,718
210,1442
210,1842
211,217
211,308
211,393
211,1152
211,1536
212,219
212,277
212,433
212,659
212,1172
212,1684
213,832
213,1308
214,902
214,1109
214,1271
214,1641
214,1867
215,384
215,446
215,475
215,610
215,725
215,1036
215,1126
215,1159
215,1396
215,1409
215,1496
215,1804
215,1829
215,1864
215,1878
215,1930
215,1970
216,750
216,1032
216,1189
216,1240
216,1302
216,1591
216,1820
216,1900
217,308
217,571
217,1097
217,1152
217,1596
218,538
218,678
218,723
218,760
218,928
218,984
218,1049
218,1074
218,1196
218,1221
218,1369
218,1429
218,1796
219,277
220,229
220,949
220,1751
221,566
221,723
221,744
221,984
221,1049
221,1090
221,1369
221,1509
221,1523
222,414
222,440
222,1102
222,1435
223,399
223,1065
223,1157
223,1802
223,1813
224,422
224,522
224,523
224,861
224,862
224,926
224,1318
224,1366
224,1713
224,1835
224,1894
225,239
225,304
225,443
225,731
225,835
225,837
225,880
225,1044
225,1233
225,1415
225,1505
225,1547
225,1564
225,1633
225,1886
226,599
226,1524
226,1734
226,1962
227,341
227,480
227,512
227,730
227,1142
227,1851
228,541
228,651
228,753
228,827
228,1041
228,1242
228,1263
228,1497
228,1720
228,1839
228,1873
228,1913
229,1294
230,504
230,808
230,967
230,1012
230,1413
230,1544
230,1789
230,1814
231,519
231,760
231,818
231,863
231,864
231,928
231,1076
231,1144
231,1782
231,1796
231,1911
232,870
232,1806
232,1861
233,615
234,724
234,1299
234,1525
234,1614
234,1956
235,938
235,1089
235,1293
235,1368
235,1476
237,931
237,1163
237,1176
238,239
238,243
238,251
238,281
238,307
238,352
238,498
238,880
238,916
238,1005
238,1025
238,1093
238,1415
238,1457
238,1547
238,1650
238,1886
238,1948
238,1961
238,1999
239,243
239,251
239,281
239,304
239,307
239,352
239,443
239,572
239,880
239,916
239,1005
239,1044
239,1415
239,1457
239,1505
239,1547
239,1584
239,1650
239,1886
239,1948
240,305
240,383
240,415
240,456
240,502
240,606
240,1098
240,1183
240,1443
240,1737
240,1783
241,408
241,645
241,674
241,737
241,1254
241,1315
241,1945
241,1973
242,492
242,649
242,721
242,1923
243,281
243,307
243,352
243,533
243,916
243,922
243,953
243,1005
243,1025
243,1547
243,1886
243,1961
243,1999
244,249
244,1244
244,1275
246,704
246,1121
246,1335
246,1385
247,376
247,1179
247,1595
248,435
248,810
248,871
248,1521
248,1611
248,1726
248,1926
249,358
249,505
249,1222
249,1244
249,1288
249,1629
250,392
250,822
250,1088
250,1165
250,1284
250,1305
250,1349
251,281
251,307
251,352
251,384
251,507
251,558
251,610
251,725
251,916
251,1005
251,1126
251,1399
251,1409
251,1457
251,1620
251,1650
251,1804
251,1829
251,1878
251,1886
251,1999
252,285
252,318
252,476
252,641
252,869
252,947
252,961
252,1063
252,1158
252,1434
252,1797
252,1810
252,1855
252,1920
253,370
253,515
253,560
253,908
253,917
253,1096
254,1136
254,1698
255,292
255,333
255,923
255,936
255,965
255,971
255,999
255,1013
255,1146
255,1162
255,1249
255,1474
255,1745
255,1767
255,1990
256,451
256,592
256,595
256,868
256,906
256,961
256,980
256,1026
256,1470
256,1504
256,1598
256,1674
256,1810
256,1858
256,1871
257,258
257,888
257,1115
257,1459
257,1646
258,295
258,323
258,581
258,855
258,858
258,888
258,913
258,1115
258,1129
258,1459
258,1636
258,1909
259,631
259,754
259,793
259,939
259,1107
259,1155
259,1247
259,1718
260,374
260,451
260,514
260,592
260,746
260,747
260,778
260,783
260,947
260,979
260,1004
260,1062
260,1158
260,1200
260,1382
260,1764
260,1810
260,1920
261,927
261,942
261,1234
262,297
262,420
262,475
262,499
262,531
262,574
262,687
262,834
262,841
262,911
262,1001
262,1068
262,1159
262,1218
262,1230
262,1401
262,1630
262,1965
263,1313
263,1657
263,1778
264,933
264,1477
264,1776
264,1784
265,287
265,1491
265,1840
265,1986
266,353
266,632
266,635
266,935
266,968
266,1113
266,1329
266,1439
266,1716
266,1792
266,1850
267,408
267,645
267,674
267,737
267,863
267,1144
267,1315
267,1837
267,1911
268,1143
268,1460
268,1580
269,355
269,664
269,713
269,805
269,833
269,958
269,963
269,1033
269,1132
269,1162
269,1327
269,1647
269,1819
269,1838
269,1862
269,1914
270,310
270,866
270,1149
270,1762
271,643
271,660
271,767
271,792
271,963
271,1133
271,1282
271,1488
271,1585
271,1643
271,1862
272,424
272,434
272,534
272,1020
272,1253
272,1312
273,812
273,1050
273,1324
274,823
274,1057
274,1241
274,1533
274,1807
275,437
275,702
275,1435
275,1661
276,1933
277,322
277,327
277,380
277,1124
277,1194
277,1874
277,1966
278,1223
279,736
279,787
279,1021
279,1679
279,1751
280,349
280,669
280,1581
280,1912
281,283
281,304
281,307
281,352
281,384
281,507
281,533
281,558
281,836
281,880
281,916
281,1005
281,1025
281,1160
281,1255
281,1505
281,1547
281,1620
281,1886
281,1999
282,650
282,1123
282,1408
283,307
283,352
283,507
283,533
283,558
283,749
283,836
283,930
283,953
283,998
283,1005
283,1025
283,1160
283,1255
283,1278
283,1961
283,1999
284,619
284,1772
284,1915
285,318
285,419
285,524
285,584
285,609
285,641
285,666
285,682
285,1063
285,1127
285,1158
285,1518
285,1797
285,1855
286,316
286,528
286,590
286,675
286,831
286,875
286,1941
287,1491
288,636
288,680
288,1349
288,1486
289,975
289,1423
289,1438
289,1658
289,1691
290,453
290,1043
290,1238
290,1543
290,1625
291,364
291,519
291,1076
291,1217
291,1296
291,1429
291,1509
291,1782
292,333
292,936
292,965
292,971
292,1013
292,1146
292,1162
292,1191
292,1249
292,1342
292,1368
292,1474
292,1476
292,1555
292,1767
292,1949
292,1990
294,775
294,909
294,985
294,1203
294,1960
295,323
295,382
295,913
295,1115
295,1129
295,1137
295,1677
296,478
297,420
297,531
297,687
297,834
297,911
297,1068
297,1218
297,1230
297,1401
297,1630
297,1833
298,381
298,389
298,418
298,429
298,572
298,1044
298,1047
298,1205
298,1277
298,1415
298,1584
298,1607
298,1948
299,1055
299,1442
299,1594
299,1785
299,1842
300,1204
300,1432
300,1516
300,1734
301,546
301,1676
301,1898
302,353
302,664
302,713
302,958
302,1146
302,1162
302,1191
302,1243
302,1316
302,1342
302,1438
302,1555
302,1808
302,1862
304,443
304,835
304,837
304,880
304,1044
304,1415
304,1505
304,1547
304,1564
304,1633
304,1886
305,383
305,415
305,433
305,606
305,1098
305,1172
305,1183
306,886
306,1136
306,1333
306,1681
306,1704
307,352
307,384
307,507
307,533
307,558
307,836
307,916
307,953
307,1005
307,1025
307,1278
307,1620
307,1650
307,1878
307,1886
307,1961
307,1999
308,1152
308,1443
308,1596
309,517
309,548
309,843
309,955
309,1479
309,1531
309,1905
310,326
310,381
310,1149
310,1205
310,1665
310,1866
310,1925
311,543
311,1103
312,367
312,407
312,424
312,653
312,796
312,926
312,1042
312,1119
312,1265
312,1318
312,1743
312,1894
312,1935
313,457
313,473
313,740
313,767
313,799
313,824
313,975
313,1011
313,1012
313,1243
313,1316
313,1438
313,1658
313,1744
313,1760
313,1808
313,1834
314,733
314,883
314,925
314,985
315,321
315,933
315,1784
315,1875
316,345
316,528
316,590
316,624
316,831
316,875
316,1002
316,1094
317,1106
317,1384
317,1463
317,1521
317,1992
318,419
318,524
318,609
318,641
318,666
318,682
318,947
318,1063
318,1127
318,1158
318,1386
318,1434
318,1855
318,1920
319,553
319,583
319,1052
319,1361
319,1538
320,405
320,570
320,620
320,694
320,781
320,1055
320,1180
320,1594
320,1933
321,525
321,591
321,748
321,933
321,1148
321,1784
322,561
322,1124
322,1683
322,1705
323,382
323,913
323,1115
323,1909
324,1714
325,328
325,334
325,556
325,1566
325,1981
326,1149
326,1205
326,1665
326,1866
326,1925
327,393
327,771
327,946
327,1536
327,1603
327,1673
327,1765
327,1853
327,1885
327,1966
328,334
328,482
328,1291
328,1472
328,1551
328,1921
328,1981
329,595
329,868
329,1063
329,1379
329,1381
329,1644
329,1844
329,1946
330,452
330,770
331,345
331,488
331,590
331,900
331,1097
331,1421
331,1619
331,1779
332,609
332,778
332,947
332,979
332,1004
332,1062
332,1063
332,1158
332,1297
332,1386
332,1434
332,1920
333,431
333,936
333,965
333,999
333,1013
333,1056
333,1132
333,1327
333,1474
333,1745
333,1767
333,1990
334,448
334,865
334,1114
334,1472
334,1776
336,510
336,568
336,607
336,685
336,745
336,765
336,815
336,838
336,1061
336,1099
336,1174
336,1232
336,1273
336,1450
336,1550
336,1593
336,1624
337,412
337,486
337,588
337,893
337,1071
337,1161
337,1708
337,1821
337,1824
337,1884
338,469
338,742
338,757
338,826
338,1464
338,1615
339,422
339,1706
339,1713
339,1724
339,1835
339,1952
339,1978
340,412
340,486
340,510
340,532
340,588
340,1161
340,1235
340,1450
340,1821
340,1824
340,1884
340,1938
341,480
341,730
341,856
341,1201
341,1983
341,1988
342,599
342,952
342,1524
342,1790
343,719
343,1217
343,1296
343,1571
344,600
344,1667
344,1893
344,1960
345,590
345,596
345,624
345,831
345,900
345,1002
345,1199
345,1397
345,1421
345,1455
345,1458
345,1779
345,1927
346,1193
346,1371
347,691
347,707
347,1319
347,1410
347,1436
347,1462
347,1768
347,1801
347,1803
347,1812
347,1984
348,468
348,798
348,1190
348,1331
349,669
349,1170
349,1581
349,1789
349,1912
350,710
350,976
351,612
351,614
351,652
351,665
351,1258
351,1345
351,1425
351,1822
352,507
352,533
352,558
352,836
352,880
352,916
352,953
352,1005
352,1025
352,1160
352,1255
352,1278
352,1505
352,1547
352,1620
352,1886
352,1961
352,1999
353,632
353,635
353,728
353,829
353,935
353,958
353,968
353,1111
353,1113
353,1146
353,1191
353,1329
353,1439
353,1555
353,1792
353,1850
354,391
354,657
354,712
354,754
354,764
354,801
354,810
354,871
354,939
354,977
354,990
354,1019
354,1155
354,1281
354,1372
354,1528
354,1576
354,1579
354,1718
354,1936
355,643
355,664
355,713
355,792
355,805
355,833
355,963
355,1033
355,1132
355,1162
355,1327
355,1474
355,1647
355,1819
355,1838
355,1862
355,1914
356,375
356,692
356,807
356,940
356,964
356,1130
356,1248
356,1702
357,1411
357,1487
357,1600
358,505
358,877
358,1082
358,1222
358,1275
358,1320
358,1377
358,1453
358,1537
358,1629
358,1754
359,629
359,1153
359,1181
360,361
360,369
360,442
360,727
360,970
360,1405
360,1613
360,1757
360,1771
361,380
361,492
361,561
361,721
361,727
361,1613
361,1757
361,1923
362,369
362,1213
362,1583
362,1613
362,1675
362,1757
362,1771
363,873
363,1274
363,1557
364,1076
364,1422
364,1782
365,449
365,703
365,782
365,948
365,1514
365,1895
366,753
366,769
366,924
366,993
366,1022
366,1072
366,1263
366,1378
366,1431
366,1497
366,1728
366,1896
367,407
367,424
367,426
367,522
367,709
367,796
367,926
367,1042
367,1119
367,1251
367,1318
367,1366
367,1374
367,1490
367,1556
367,1935
368,476
368,667
368,1067
368,1844
368,1969
369,494
369,1583
369,1771
370,515
370,527
370,560
370,908
370,1468
370,1964
371,1147
372,488
372,716
372,904
372,1471
372,1619
373,804
373,1634
373,1684
373,1766
374,514
374,557
374,602
374,746
374,747
374,778
374,783
374,888
374,913
374,979
374,1004
374,1058
374,1115
374,1200
374,1909
375,807
375,940
375,1321
375,1393
375,1702
376,825
377,391
377,416
377,454
377,779
377,851
377,1018
377,1116
377,1250
377,1276
377,1437
377,1659
377,1759
377,1888
377,1908
378,707
378,896
378,1216
378,1410
378,1608
378,1707
378,1831
379,1138
379,1192
379,1284
379,1305
379,1568
379,1727
380,495
380,561
380,727
380,901
380,946
380,1194
380,1874
381,389
381,413
381,418
381,429
381,498
381,572
381,1047
381,1093
381,1205
381,1948
382,913
382,1115
382,1909
383,415
383,433
383,502
383,606
383,954
383,1098
383,1172
383,1885
384,507
384,513
384,558
384,574
384,610
384,725
384,836
384,916
384,1001
384,1005
384,1126
384,1399
384,1409
384,1620
384,1650
384,1804
384,1829
384,1878
384,1999
385,550
385,869
385,961
385,980
385,1356
385,1403
385,1947
386,1054
386,1059
387,1094
388,444
388,1418
389,418
389,429
389,1035
389,1047
389,1205
389,1277
389,1584
389,1607
389,1756
389,1948
390,1587
390,1790
390,1799
391,454
391,657
391,764
391,779
391,851
391,990
391,1018
391,1019
391,1250
391,1276
391,1475
391,1576
391,1579
391,1908
391,1936
392,818
392,822
392,1088
392,1165
392,1284
392,1349
393,1152
393,1536
393,1603
393,1673
393,1765
393,1853
393,1966
394,474
394,987
394,1290
394,1529
394,1618
394,1685
395,586
395,1441
396,1193
396,1276
396,1475
396,1484
396,1908
397,647
397,1112
398,1975
399,461
399,1065
399,1157
399,1802
399,1813
400,483
401,447
401,547
401,550
401,575
401,1060
401,1154
401,1195
401,1963
402,912
403,411
403,488
403,579
403,580
403,1045
403,1289
403,1454
403,1619
403,1890
404,598
404,878
404,1391
404,1854
405,570
405,620
405,694
405,781
405,867
405,1180
405,1280
405,1440
405,1933
406,1043
407,426
407,709
407,796
407,926
407,971
407,1042
407,1119
407,1251
407,1318
407,1366
407,1374
407,1570
407,1935
408,645
408,674
408,737
408,1254
408,1315
408,1709
408,1945
408,1973
409,542
409,951
409,1080
409,1262
409,1945
410,751
410,1431
410,1540
411,501
411,536
411,568
411,579
411,580
411,1174
411,1289
411,1337
411,1599
411,1775
412,486
412,510
412,532
412,588
412,1161
412,1337
412,1708
412,1821
412,1824
412,1845
412,1884
413,429
413,498
413,1093
414,440
414,1014
414,1102
414,1435
415,433
415,456
415,679
415,816
415,954
415,1098
415,1172
415,1684
415,1783
415,1830
416,454
416,779
416,851
416,1018
416,1116
416,1250
416,1437
416,1659
416,1759
416,1888
417,911
417,1218
417,1230
417,1292
418,429
418,572
418,889
418,986
418,1044
418,1047
418,1277
418,1584
418,1607
418,1756
419,524
419,584
419,641
419,666
419,682
419,1127
419,1158
419,1449
419,1518
419,1797
419,1855
420,499
420,501
420,567
420,687
420,834
420,841
420,911
420,1045
420,1061
420,1068
420,1218
420,1230
420,1401
420,1421
420,1469
420,1593
420,1833
420,1927
420,1965
421,566
421,1245
421,1353
422,670
422,861
422,1706
422,1713
422,1724
422,1835
422,1952
422,1978
423,439
423,617
423,701
423,854
423,1000
423,1051
423,1056
423,1219
423,1293
423,1582
423,1637
423,1729
423,1761
424,522
424,788
424,978
424,1042
424,1119
424,1312
424,1318
424,1351
424,1743
424,1894
425,428
425,1588
425,1653
425,1678
426,522
426,523
426,539
426,709
426,796
426,926
426,1042
426,1119
426,1251
426,1318
426,1366
426,1374
426,1490
426,1570
426,1935
427,918
427,920
427,967
427,1009
427,1237
427,1306
427,1814
428,1588
428,1653
428,1678
429,1035
429,1047
429,1205
429,1363
429,1607
429,1864
429,1866
429,1948
430,1787
431,625
431,999
431,1000
431,1056
431,1336
431,1761
431,1767
432,1080
432,1240
433,954
433,1098
433,1172
434,534
434,956
434,1020
434,1157
434,1253
434,1312
434,1465
434,1848
435,1189
435,1302
435,1611
435,1726
435,1926
436,1143
436,1252
436,1580
436,1689
437,702
437,1661
437,1903
438,540
438,642
438,896
438,1082
438,1320
438,1453
438,1537
438,1707
438,1721
438,1722
439,701
439,1051
439,1293
439,1637
439,1729
439,1976
440,1102
440,1435
441,603
441,832
441,1266
442,1405
442,1606
442,1876
443,509
443,731
443,880
443,1044
443,1260
443,1399
443,1415
443,1505
443,1547
443,1584
443,1770
443,1886
444,500
444,1101
444,1113
444,1418
444,1574
444,1688
444,1716
445,1572
445,1826
446,610
446,725
446,889
446,945
446,1035
446,1036
446,1363
446,1409
446,1457
446,1483
446,1496
446,1584
446,1607
446,1804
446,1829
446,1864
446,1948
447,547
447,550
447,575
447,1060
447,1154
447,1195
447,1963
448,865
448,1407
448,1472
448,1605
449,644
449,996
450,586
450,875
450,1380
450,1941
451,592
451,778
451,783
451,906
451,947
451,1004
451,1158
451,1674
451,1764
451,1810
451,1855
451,1858
451,1920
452,770
452,907
452,1125
452,1704
452,1738
452,1982
453,700
453,1543
453,1625
454,779
454,851
454,990
454,1018
454,1116
454,1250
454,1276
454,1437
454,1475
454,1659
454,1759
454,1888
454,1908
455,789
456,470
456,679
456,816
456,1098
456,1183
456,1604
456,1737
456,1783
456,1830
457,504
457,824
457,1012
457,1243
457,1656
457,1808
457,1860
458,1176
458,1753
458,1918
459,584
459,592
459,814
459,844
459,1095
459,1403
459,1449
459,1573
459,1797
459,1855
460,527
460,661
460,876
460,882
460,1433
460,1468
460,1485
460,1612
461,1977
462,1048
462,1492
462,1571
462,1742
463,829
463,1342
463,1368
463,1476
463,1555
463,1656
463,1841
463,1860
464,1390
465,673
465,1566
466,651
466,827
466,828
466,872
466,1242
466,1839
466,1913
468,798
468,1190
468,1274
468,1331
468,1557
469,742
469,757
469,1247
469,1352
469,1464
469,1615
470,584
470,973
470,1183
470,1300
470,1604
470,1755
470,1830
471,1003
471,1794
472,569
472,684
473,740
473,799
473,975
473,1012
473,1544
473,1744
474,759
474,1028
474,1482
474,1529
474,1618
474,1685
475,499
475,574
475,610
475,687
475,725
475,1001
475,1061
475,1126
475,1159
475,1311
475,1396
475,1401
475,1930
476,1063
476,1067
476,1434
477,554
477,683
477,1031
477,1187
477,1827
478,1495
478,1628
479,860
479,1027
479,1852
479,1882
480,512
480,730
480,1142
480,1851
481,1108
482,556
482,1226
482,1921
483,703
483,782
484,1135
484,1484
484,1694
484,1712
485,711
485,1360
485,1594
486,510
486,532
486,588
486,1161
486,1337
486,1450
486,1708
486,1821
486,1824
486,1845
487,506
487,619
488,716
488,900
488,904
488,1421
488,1454
488,1619
488,1779
488,1890
489,516
489,1233
489,1354
489,1564
489,1605
489,1832
490,595
490,667
490,868
490,1341
490,1379
490,1381
490,1470
490,1578
490,1598
490,1644
490,1741
490,1844
490,1946
491,1313
491,1657
492,561
492,721
492,727
492,901
492,1923
493,501
493,536
493,567
493,568
493,765
493,786
493,911
493,1045
493,1218
493,1292
493,1469
493,1545
493,1599
494,1771
495,561
495,649
495,727
495,901
495,1705
495,1923
496,502
496,673
496,1443
497,887
497,1181
498,1093
498,1948
499,501
499,687
499,834
499,841
499,911
499,1061
499,1068
499,1099
499,1159
499,1230
499,1311
499,1401
499,1469
499,1593
499,1833
499,1927
499,1965
500,539
500,635
500,935
500,1101
500,1111
500,1113
500,1418
500,1570
500,1574
500,1688
500,1716
500,1850
501,536
501,567
501,568
501,607
501,765
501,786
501,841
501,911
501,1045
501,1099
501,1174
501,1218
501,1230
501,1292
501,1454
501,1469
501,1593
501,1599
501,1624
501,1775
501,1833
501,1890
501,1965
502,571
502,606
502,1098
502,1152
502,1443
502,1885
503,766
503,1117
503,1306
503,1321
503,1563
503,1934
504,967
504,1012
504,1614
504,1814
505,877
505,1082
505,1222
505,1244
505,1275
505,1288
505,1377
505,1629
505,1754
506,619
506,1928
507,513
507,558
507,574
507,722
507,836
507,880
507,916
507,1001
507,1005
507,1126
507,1160
507,1399
507,1409
507,1547
507,1620
507,1650
507,1804
507,1869
507,1878
507,1886
507,1999
508,611
508,1339
508,1681
508,1870
509,986
509,1044
509,1094
510,532
510,568
510,579
510,607
510,685
510,838
510,1174
510,1338
510,1450
510,1510
510,1624
510,1775
510,1821
510,1845
511,553
511,686
511,1029
511,1361
511,1964
512,730
512,848
512,982
512,1142
512,1851
513,531
513,558
513,574
513,596
513,687
513,722
513,998
513,1001
513,1068
513,1199
513,1399
513,1494
513,1620
513,1630
513,1770
513,1781
513,1869
513,1878
514,525
514,746
514,747
514,748
514,778
514,783
514,888
514,913
514,979
514,1004
514,1058
514,1062
514,1297
514,1382
514,1764
514,1909
515,560
515,917
515,1029
515,1096
515,1552
515,1697
515,1827
515,1875
516,618
516,885
516,1210
516,1233
516,1354
516,1455
516,1458
516,1832
517,548
517,843
517,955
517,1471
517,1479
517,1531
517,1793
517,1905
518,555
518,909
518,1203
519,760
519,863
519,864
519,928
519,1076
519,1217
519,1429
519,1782
519,1911
520,1150
521,540
521,950
521,1011
521,1139
521,1220
521,1690
521,1819
521,1847
522,523
522,861
522,862
522,926
522,934
522,1042
522,1119
522,1251
522,1318
522,1366
522,1374
522,1490
522,1894
523,539
523,577
523,861
523,926
523,934
523,1251
523,1366
523,1374
523,1490
523,1532
523,1570
523,1835
524,609
524,666
524,682
524,1127
524,1747
525,748
525,888
525,1004
525,1062
525,1148
525,1297
525,1386
526,768
526,1286
526,1419
527,882
527,1735
528,831
528,875
528,1094
529,545
529,726
529,1092
529,1228
529,1257
529,1503
529,1682
530,906
530,1105
530,1131
530,1348
530,1598
530,1858
530,1871
531,574
531,687
531,722
531,834
531,998
531,1001
531,1068
531,1494
531,1630
532,607
532,685
532,838
532,1174
532,1338
532,1450
532,1493
532,1510
532,1550
532,1624
532,1821
532,1845
533,558
533,749
533,836
533,922
533,930
533,953
533,1025
533,1160
533,1255
533,1278
533,1446
533,1961
533,1999
534,1020
534,1185
534,1253
534,1351
534,1968
535,1008
535,1064
535,1732
536,567
536,568
536,765
536,786
536,1045
536,1292
536,1469
536,1545
536,1599
536,1775
537,693
537,1582
537,1761
538,678
538,729
538,863
538,928
538,1074
538,1076
538,1196
538,1221
538,1429
538,1796
539,577
539,926
539,1101
539,1111
539,1366
539,1374
539,1532
539,1570
539,1574
539,1688
540,896
540,950
540,966
540,1139
540,1220
540,1690
540,1707
540,1722
541,651
541,1041
541,1242
541,1873
542,951
542,1080
542,1246
542,1367
543,1103
543,1317
545,726
545,1092
545,1187
545,1228
545,1257
545,1682
546,1340
546,1500
546,1676
547,550
547,551
547,575
547,578
547,988
547,1060
547,1141
547,1154
547,1880
547,1904
548,843
548,955
548,962
548,1479
548,1531
548,1793
548,1905
549,848
550,578
550,869
550,1060
550,1095
550,1403
550,1797
550,1904
550,1947
550,1997
551,601
551,732
551,758
551,932
551,988
551,1154
551,1195
551,1520
552,1069
552,1100
552,1666
552,1980
553,884
553,1361
553,1538
553,1964
554,683
554,1031
554,1882
555,909
555,1203
555,1208
556,673
556,1226
556,1566
556,1763
556,1921
557,602
557,1052
558,574
558,722
558,836
558,998
558,1005
558,1160
558,1255
558,1278
558,1620
558,1878
558,1999
559,582
559,585
559,630
559,991
559,1268
559,1739
559,1910
559,1987
560,917
560,1096
560,1552
560,1639
560,1827
560,1875
561,649
561,727
561,901
561,1705
561,1923
563,1173
563,1670
563,1883
563,1889
564,565
564,732
564,758
564,816
564,845
564,1774
565,1774
566,744
566,1090
566,1217
566,1245
566,1296
566,1509
566,1523
567,568
567,765
567,786
567,834
567,841
567,911
567,1045
567,1218
567,1230
567,1292
567,1401
567,1421
567,1454
567,1469
567,1593
567,1599
567,1619
567,1833
567,1890
567,1927
567,1965
568,579
568,607
568,685
568,765
568,786
568,1099
568,1174
568,1337
568,1469
568,1545
568,1593
568,1599
568,1624
568,1775
568,1821
569,684
569,1059
570,781
570,1055
570,1180
570,1594
570,1933
571,1152
571,1596
571,1941
572,835
572,1044
572,1415
572,1584
572,1886
572,1948
573,582
573,589
573,621
573,774
573,859
573,991
573,1355
573,1535
573,1735
573,1879
573,1910
574,596
574,687
574,722
574,998
574,1001
574,1068
574,1126
574,1199
574,1399
574,1620
574,1630
574,1781
574,1869
574,1878
575,1060
575,1154
575,1963
576,663
576,752
576,797
577,647
577,1101
577,1310
577,1374
577,1418
577,1532
577,1623
577,1688
577,1835
578,1060
578,1095
578,1141
578,1198
578,1403
578,1449
578,1904
578,1916
579,580
579,607
579,1174
579,1289
579,1337
579,1599
579,1775
580,955
580,1853
581,858
581,1128
581,1129
581,1456
581,1551
581,1636
582,585
582,630
582,813
582,991
582,1069
582,1186
582,1535
582,1635
582,1671
582,1735
582,1739
582,1879
582,1910
582,1980
583,1052
583,1361
584,1300
584,1449
584,1604
584,1797
585,630
585,813
585,991
585,1069
585,1186
585,1635
585,1671
585,1739
585,1879
585,1910
585,1918
585,1980
586,914
586,1006
586,1289
586,1338
586,1441
586,1675
587,593
587,922
587,953
587,1778
587,1892
587,1906
588,893
588,1071
588,1161
588,1708
588,1821
588,1824
588,1884
589,621
589,1039
589,1535
589,1735
589,1791
590,675
590,831
590,900
590,1097
590,1455
590,1501
591,762
591,1129
591,1958
591,1981
592,906
592,961
592,1674
592,1810
592,1855
592,1858
592,1920
593,922
593,1025
593,1280
593,1440
593,1892
593,1906
593,1961
594,624
594,722
594,731
594,1160
594,1210
594,1255
594,1354
594,1397
594,1446
594,1458
594,1494
594,1505
594,1770
594,1781
594,1869
595,868
595,906
595,961
595,1026
595,1341
595,1379
595,1381
595,1470
595,1578
595,1598
595,1644
595,1674
595,1741
595,1844
595,1858
595,1871
596,624
596,722
596,1002
596,1068
596,1199
596,1397
596,1401
596,1458
596,1494
596,1630
596,1779
596,1781
596,1869
596,1927
597,1024
597,1549
597,1823
597,1881
598,878
598,1054
598,1059
598,1671
598,1854
598,1879
599,1524
599,1592
599,1962
600,1667
600,1960
601,758
601,988
601,1154
601,1889
601,1997
602,979
602,1058
602,1148
602,1269
603,832
603,894
603,1378
603,1565
604,1362
604,1621
605,915
605,1441
605,1511
606,1098
606,1443
606,1885
607,685
607,765
607,838
607,1099
607,1174
607,1450
607,1624
607,1775
607,1821
608,1836
609,666
609,682
609,748
609,947
609,1004
609,1062
609,1063
609,1127
609,1158
609,1297
609,1386
609,1434
609,1764
610,725
610,1001
610,1036
610,1126
610,1159
610,1396
610,1409
610,1496
610,1804
610,1829
610,1864
610,1878
610,1930
611,960
611,1339
611,1365
611,1392
611,1681
611,1773
612,652
612,729
612,1258
612,1295
612,1345
612,1357
612,1425
614,652
614,665
614,668
614,994
614,1258
614,1345
614,1425
614,1822
614,1972
615,1656
616,654
616,655
616,894
616,1010
616,1222
616,1378
616,1629
616,1728
616,1733
617,701
617,854
617,1110
617,1219
617,1582
617,1637
617,1761
617,1976
618,885
618,1210
618,1354
618,1400
618,1446
619,1928
620,694
620,781
620,867
620,1017
620,1180
620,1933
621,859
622,1524
622,1592
624,731
624,1002
624,1094
624,1199
624,1210
624,1233
624,1397
624,1399
624,1455
624,1458
624,1770
624,1781
624,1869
625,833
625,963
625,999
625,1000
625,1132
625,1327
625,1336
625,1632
625,1643
625,1914
626,853
626,1118
627,1229
628,944
628,1616
629,921
629,1153
630,991
630,1739
630,1987
631,657
631,754
631,871
631,939
631,1155
631,1281
631,1372
631,1528
631,1718
631,1955
632,664
632,713
632,805
632,958
632,968
632,1033
632,1191
632,1316
632,1329
632,1438
632,1691
632,1792
633,790
634,964
634,1023
634,1130
634,1954
635,728
635,829
635,935
635,968
635,1111
635,1113
635,1329
635,1555
635,1574
635,1688
635,1716
635,1792
635,1841
635,1850
636,680
636,1349
637,795
637,1121
637,1145
637,1622
638,1032
638,1106
638,1611
638,1726
638,1937
638,1942
639,651
639,769
639,828
639,1346
639,1873
640,896
640,899
640,1081
640,1216
640,1322
640,1831
641,666
641,682
641,1127
641,1518
641,1797
642,1082
642,1453
642,1537
642,1721
642,1907
643,792
643,963
643,1133
643,1282
643,1474
643,1488
643,1643
643,1949
644,772
644,996
645,674
645,737
645,1254
645,1837
646,823
646,1057
646,1239
646,1710
646,1752
647,1101
647,1112
647,1418
648,743
648,766
648,1413
649,901
650,1123
651,769
651,1041
651,1242
651,1346
651,1497
651,1839
651,1873
651,1896
651,1913
652,665
652,994
652,1258
652,1295
652,1345
652,1425
652,1759
652,1822
653,761
653,923
653,978
653,1265
653,1467
653,1743
653,1745
653,1935
653,1990
654,655
654,1010
654,1404
654,1733
655,1010
655,1404
655,1728
655,1733
656,881
656,1034
656,1178
656,1370
656,1412
656,1489
656,1615
656,1731
657,754
657,764
657,793
657,871
657,939
657,977
657,1019
657,1107
657,1155
657,1281
657,1372
657,1528
657,1576
657,1579
657,1718
657,1936
658,890
659,804
659,845
659,1445
659,1655
660,1133
660,1359
660,1585
660,1643
661,876
661,1612
661,1666
661,1798
662,715
662,1015
662,1122
662,1304
663,752
664,713
664,805
664,958
664,1033
664,1146
664,1162
664,1191
664,1316
664,1438
664,1647
664,1691
664,1838
664,1847
664,1862
665,994
665,1258
665,1345
665,1357
665,1414
665,1425
665,1837
665,1972
666,682
666,1127
666,1386
666,1747
667,1067
667,1578
667,1844
667,1946
667,1969
668,801
668,990
668,994
668,1236
668,1384
668,1424
668,1463
668,1579
668,1822
669,808
669,1170
669,1581
669,1585
669,1789
669,1912
670,1706
670,1835
671,1112
671,1373
671,1816
671,1902
672,1406
672,1805
673,1443
673,1763
674,737
674,1254
674,1315
674,1709
674,1837
675,831
675,1097
675,1226
675,1314
675,1501
675,1596
676,1084
676,1512
676,1664
677,1204
677,1432
677,1548
678,723
678,984
678,1049
678,1074
678,1196
678,1221
678,1369
678,1429
678,1523
679,732
679,816
679,845
679,1684
679,1830
679,1880
680,1349
680,1389
680,1486
680,1816
680,1940
681,1350
681,1632
681,1914
682,1062
682,1127
682,1158
682,1386
682,1747
682,1764
683,1031
684,1059
684,1546
685,765
685,815
685,838
685,1099
685,1174
685,1273
685,1450
685,1550
685,1624
685,1821
686,746
686,747
686,783
686,979
686,1029
686,1058
686,1697
687,834
687,1001
687,1068
687,1126
687,1159
687,1401
687,1630
688,912
688,970
688,1405
688,1772
689,849
689,1107
689,1247
689,1569
691,894
691,1287
691,1436
691,1565
691,1768
691,1812
691,1984
692,703
692,873
692,940
692,1190
692,1248
692,1702
693,1582
693,1761
694,781
694,867
694,902
694,1180
694,1440
694,1867
694,1960
695,1307
696,1600
697,714
697,1326
698,738
698,919
698,1686
699,1030
699,1654
699,1736
701,854
701,1051
701,1056
701,1219
701,1293
701,1582
701,1729
701,1761
702,1661
702,1750
702,1903
702,1994
703,873
703,948
703,1514
703,1895
704,1335
704,1385
706,739
706,1308
707,896
707,1134
707,1216
707,1319
707,1410
707,1462
707,1608
707,1707
707,1803
707,1831
708,1014
708,1156
708,1259
708,1452
709,796
709,971
709,1042
709,1251
709,1374
709,1556
709,1841
709,1935
710,1699
710,1944
711,1360
711,1594
712,754
712,764
712,801
712,810
712,977
712,1019
712,1236
712,1372
712,1384
712,1528
712,1579
712,1640
713,740
713,805
713,824
713,958
713,963
713,1011
713,1033
713,1162
713,1191
713,1316
713,1438
713,1647
713,1691
713,1808
713,1819
713,1847
713,1862
714,1609
715,1015
715,1121
716,904
716,1471
716,1619
716,1890
717,969
717,1252
717,1336
717,1689
717,1795
718,1842
719,1179
721,1923
722,836
722,998
722,1001
722,1160
722,1458
722,1494
722,1620
722,1630
722,1770
722,1781
722,1869
723,744
723,984
723,1049
723,1074
723,1090
723,1196
723,1221
723,1245
723,1369
723,1429
723,1523
724,1525
724,1891
724,1956
725,1035
725,1036
725,1126
725,1363
725,1409
725,1457
725,1496
725,1650
725,1804
725,1829
725,1864
725,1878
726,1092
726,1257
726,1434
726,1503
726,1682
727,946
727,1613
727,1923
728,800
728,829
728,1243
728,1329
728,1439
728,1860
730,1142
730,1851
731,1002
731,1094
731,1160
731,1199
731,1210
731,1233
731,1397
731,1399
731,1458
731,1505
731,1770
731,1781
731,1869
732,758
732,816
732,1518
733,883
733,909
733,925
733,985
734,918
734,920
734,1009
734,1610
734,1934
734,1939
735,846
735,1750
736,1021
736,1301
736,1631
736,1751
736,1899
737,863
737,1144
737,1254
737,1315
737,1709
737,1837
737,1911
738,919
738,1411
738,1686
740,767
740,799
740,824
740,975
740,1011
740,1012
740,1316
740,1658
740,1744
740,1760
740,1808
740,1834
740,1847
741,932
741,983
741,988
741,1104
741,1154
741,1195
741,1520
741,1859
742,1247
742,1416
742,1615
742,1731
743,766
743,1050
743,1610
744,1090
744,1245
744,1353
744,1369
744,1417
744,1473
744,1523
745,785
745,815
745,1232
745,1273
745,1365
745,1392
745,1396
745,1550
745,1773
745,1970
746,747
746,778
746,783
746,979
746,1004
746,1058
746,1200
747,778
747,783
747,979
747,1058
747,1200
748,888
748,1004
748,1062
748,1297
748,1386
748,1747
749,930
749,953
749,1255
749,1278
749,1446
749,1991
750,1032
750,1080
750,1189
750,1240
750,1302
750,1591
750,1726
750,1900
750,1926
751,1347
751,1527
751,1540
751,1680
751,1696
752,756
752,797
752,1383
753,1263
753,1431
753,1497
753,1720
754,764
754,801
754,810
754,871
754,939
754,977
754,1019
754,1107
754,1155
754,1281
754,1372
754,1528
754,1576
754,1579
754,1718
754,1936
755,1719
755,1974
756,826
756,881
756,1383
757,1464
757,1615
757,1731
758,988
758,1520
759,1852
760,863
760,864
760,928
760,1076
760,1144
760,1429
760,1782
760,1796
760,1911
761,1745
762,1128
762,1129
762,1551
762,1677
762,1958
763,1799
764,801
764,810
764,871
764,939
764,977
764,990
764,1019
764,1155
764,1281
764,1372
764,1384
764,1528
764,1576
764,1579
764,1718
764,1936
765,786
765,841
765,1099
765,1174
765,1292
765,1469
765,1593
765,1599
765,1624
766,1610
766,1934
766,1939
767,799
767,824
767,1011
767,1012
767,1282
767,1316
767,1488
767,1760
767,1808
767,1834
768,1419
769,924
769,1008
769,1072
769,1346
769,1497
769,1540
769,1873
769,1896
771,1603
771,1673
771,1853
771,1885
771,1971
772,996
772,1944
773,1766
774,813
774,878
774,991
774,1046
774,1186
774,1268
774,1739
774,1879
774,1910
775,1203
775,1867
776,842
776,1003
777,952
778,783
778,913
778,947
778,979
778,1004
778,1062
778,1158
778,1200
778,1382
778,1764
778,1920
779,851
779,990
779,1018
779,1116
779,1250
779,1579
779,1759
779,1822
779,1888
780,1922
781,867
781,1017
781,1055
781,1180
781,1933
782,948
782,1514
783,979
783,1004
783,1058
783,1200
783,1764
784,1654
784,1669
784,1736
784,1898
785,815
785,1036
785,1159
785,1232
785,1273
785,1365
785,1392
785,1396
785,1773
785,1970
786,1292
786,1545
786,1599
786,1775
787,1021
787,1679
787,1714
787,1968
788,1351
788,1743
788,1894
790,1556
791,820
791,1267
791,1522
791,1974
792,833
792,963
792,1013
792,1133
792,1327
792,1474
792,1476
792,1643
792,1729
792,1949
793,849
793,939
793,1107
793,1247
793,1416
793,1718
793,1825
794,1891
795,1145
795,1622
796,971
796,1042
796,1119
796,1251
796,1366
796,1374
796,1570
796,1841
796,1935
798,1274
798,1331
798,1557
799,808
799,975
799,1012
799,1413
799,1544
799,1744
799,1760
799,1834
800,1298
800,1329
800,1439
801,810
801,871
801,977
801,990
801,1019
801,1236
801,1372
801,1384
801,1424
801,1528
801,1579
802,1253
803,820
803,1687
804,845
804,932
804,1445
804,1634
805,958
805,1033
805,1316
805,1647
805,1691
805,1819
805,1838
805,1847
805,1862
806,830
806,1040
806,1270
807,819
807,1393
807,1702
808,1012
808,1413
808,1544
808,1760
808,1789
808,1907
809,937
809,1307
810,871
810,977
810,1019
810,1236
810,1372
810,1384
810,1521
810,1528
810,1926
811,1694
811,1712
812,1324
813,878
813,991
813,1046
813,1186
813,1268
813,1671
813,1739
813,1879
813,1910
813,1918
814,844
814,1095
814,1403
814,1573
814,1916
815,838
815,1099
815,1232
815,1273
815,1365
815,1392
815,1396
815,1550
815,1773
816,845
816,1783
816,1830
816,1880
817,874
817,1235
817,1272
817,1339
817,1387
817,1672
817,1989
818,928
818,1088
818,1144
818,1165
818,1315
818,1796
818,1911
819,1240
819,1393
819,1702
820,957
820,1687
821,1105
822,1165
822,1305
822,1349
823,1057
823,1241
823,1466
823,1478
823,1519
823,1700
823,1723
823,1863
824,1012
824,1243
824,1282
824,1316
824,1488
824,1760
824,1808
824,1834
826,881
826,1383
827,1430
827,1497
827,1839
827,1913
827,1995
828,872
829,1191
829,1342
829,1555
829,1688
829,1841
829,1860
830,1270
831,900
831,1455
831,1941
832,839
832,1266
832,1748
833,963
833,1132
833,1327
833,1474
833,1632
833,1643
833,1838
833,1914
834,841
834,911
834,1061
834,1068
834,1218
834,1230
834,1401
834,1469
834,1593
834,1833
834,1927
834,1965
835,1044
835,1415
835,1633
836,930
836,953
836,998
836,1005
836,1025
836,1160
836,1255
836,1278
836,1620
836,1878
836,1999
837,880
837,1160
837,1255
837,1505
837,1547
837,1564
838,960
838,1273
838,1450
838,1493
838,1510
838,1550
838,1624
839,1558
839,1732
839,1748
841,911
841,1045
841,1061
841,1099
841,1218
841,1230
841,1292
841,1401
841,1454
841,1469
841,1593
841,1833
841,1927
841,1965
843,955
843,1479
843,1531
843,1793
843,1905
844,1573
845,932
846,1750
847,898
847,957
847,1267
847,1430
847,1522
847,1719
848,1142
849,1107
849,1247
849,1416
849,1569
849,1615
849,1717
849,1731
849,1825
850,1334
850,1614
850,1656
850,1849
851,990
851,1018
851,1116
851,1250
851,1424
851,1579
851,1659
851,1759
851,1822
851,1888
852,1310
852,1623
852,1642
853,1118
853,1375
854,969
854,1110
854,1219
854,1582
854,1637
854,1761
855,879
855,1636
856,944
856,1201
856,1983
856,1988
857,884
858,1123
858,1636
858,1921
860,987
860,1027
860,1852
860,1882
861,862
861,926
861,1318
861,1366
861,1713
861,1835
861,1894
862,956
862,1710
862,1713
862,1724
862,1894
862,1952
863,864
863,928
863,1076
863,1144
863,1315
863,1422
863,1429
863,1782
863,1796
863,1911
864,928
864,1076
864,1215
864,1782
864,1911
865,1114
865,1291
865,1407
865,1472
865,1605
866,1447
866,1506
866,1762
867,902
867,1180
867,1440
867,1933
868,961
868,980
868,1341
868,1356
868,1379
868,1381
868,1470
868,1578
868,1598
868,1644
868,1674
868,1741
868,1844
868,1858
869,1403
869,1797
869,1855
869,1904
869,1947
869,1997
870,1227
870,1806
870,1861
871,939
871,977
871,1019
871,1155
871,1281
871,1372
871,1528
871,1718
871,1955
872,1839
873,941
873,1190
873,1248
873,1557
874,1235
874,1272
874,1339
874,1387
874,1938
875,1380
875,1941
876,1007
876,1433
876,1468
876,1485
876,1666
877,1082
877,1287
877,1288
877,1377
877,1453
877,1462
877,1537
877,1565
877,1721
877,1754
878,1186
878,1671
878,1879
879,913
879,1382
879,1636
879,1909
880,916
880,1005
880,1160
880,1415
880,1505
880,1547
880,1886
881,1034
881,1178
881,1412
882,1535
882,1612
882,1735
882,1791
883,909
883,925
883,985
884,1468
884,1769
884,1964
885,1354
885,1406
886,903
886,1136
886,1333
886,1681
886,1704
886,1868
887,1181
887,1225
887,1606
888,913
888,1115
888,1148
888,1459
889,903
889,945
889,1035
889,1483
889,1711
889,1864
889,1868
891,1112
891,1310
891,1317
891,1373
892,1075
893,962
893,1071
893,1337
893,1545
893,1627
893,1708
894,1010
894,1378
894,1565
894,1728
895,1448
895,1700
895,1723
895,1940
896,950
896,1216
896,1220
896,1707
896,1831
897,1010
897,1287
897,1377
897,1428
897,1565
897,1754
897,1801
897,1984
898,1522
898,1719
899,1081
899,1322
900,1097
900,1619
901,1705
901,1923
902,1109
902,1271
902,1440
902,1641
902,1867
902,1960
903,945
903,1136
903,1704
903,1711
903,1868
904,1471
904,1619
905,989
905,1147
906,961
906,1026
906,1131
906,1470
906,1504
906,1598
906,1674
906,1810
906,1858
906,1871
907,1125
907,1678
907,1738
907,1756
908,974
908,1468
909,985
909,1176
909,1203
910,1534
910,1664
910,1672
910,1989
911,1045
911,1068
911,1218
911,1230
911,1292
911,1401
911,1469
911,1593
911,1833
911,1965
912,1405
912,1772
913,979
913,1115
913,1382
913,1459
913,1909
914,970
914,1006
914,1338
914,1675
915,1511
916,1005
916,1093
916,1409
916,1415
916,1457
916,1547
916,1620
916,1650
916,1804
916,1878
916,1886
916,1948
916,1999
917,1096
917,1269
917,1875
918,920
918,967
918,1009
918,1306
918,1589
918,1602
918,1610
918,1814
919,1086
919,1686
919,1746
919,1817
920,967
920,1009
920,1589
920,1610
920,1814
920,1939
922,953
922,1025
922,1892
922,1961
923,936
923,971
923,1265
923,1745
923,1935
923,1990
924,993
924,1022
924,1072
924,1896
925,985
926,1042
926,1119
926,1318
926,1366
926,1374
926,1570
926,1894
926,1935
927,942
927,1256
927,1740
928,1076
928,1144
928,1165
928,1429
928,1782
928,1796
928,1911
929,1417
930,998
930,1255
930,1278
930,1400
930,1446
930,1494
930,1991
932,988
932,1445
932,1859
933,1776
933,1784
934,1251
934,1366
934,1374
934,1490
935,958
935,968
935,971
935,1111
935,1113
935,1146
935,1249
935,1329
935,1574
935,1716
935,1792
935,1850
936,965
936,971
936,1132
936,1146
936,1162
936,1249
936,1342
936,1474
936,1767
936,1838
936,1990
937,995
938,1013
938,1089
938,1197
938,1368
938,1467
939,1019
939,1107
939,1155
939,1281
939,1372
939,1528
939,1576
939,1718
939,1936
939,1955
940,1190
940,1248
941,1895
942,1256
942,1651
942,1740
944,1983
945,1035
945,1483
945,1496
945,1607
945,1864
945,1868
946,954
946,1194
946,1856
946,1874
946,1876
946,1971
947,1004
947,1062
947,1063
947,1127
947,1158
947,1297
947,1386
947,1434
947,1674
947,1764
947,1810
947,1855
947,1920
948,1514
949,1375
950,966
950,1139
950,1220
950,1690
950,1707
950,1722
951,1080
951,1106
951,1262
951,1992
953,1025
953,1255
953,1278
953,1961
953,1999
954,1194
954,1774
954,1856
954,1874
954,1971
955,962
955,1212
955,1479
955,1531
955,1627
955,1793
955,1905
956,1020
956,1465
956,1848
956,1953
957,1430
957,1522
957,1687
957,1995
958,968
958,1033
958,1146
958,1162
958,1191
958,1647
958,1691
958,1792
958,1838
959,1206
959,1238
959,1427
960,1392
960,1493
960,1510
960,1651
961,980
961,1026
961,1356
961,1470
961,1504
961,1598
961,1674
961,1741
961,1810
961,1855
961,1858
962,1071
962,1212
962,1627
963,1033
963,1132
963,1162
963,1327
963,1474
963,1643
963,1647
963,1819
963,1838
963,1862
963,1914
964,1023
964,1130
964,1954
965,971
965,999
965,1132
965,1146
965,1162
965,1249
965,1474
965,1767
965,1838
965,1990
966,1139
966,1320
966,1722
967,1009
967,1413
967,1589
967,1610
967,1814
968,1113
968,1146
968,1191
968,1329
968,1439
968,1716
968,1792
968,1850
969,1110
969,1219
969,1252
969,1582
969,1689
969,1795
970,1405
970,1613
970,1757
971,1111
971,1146
971,1249
971,1342
971,1841
971,1850
971,1990
972,1277
973,1300
973,1604
973,1701
973,1755
974,1007
974,1053
974,1485
975,1011
975,1316
975,1658
975,1744
975,1834
975,1847
976,1358
977,990
977,1019
977,1155
977,1281
977,1372
977,1384
977,1528
977,1579
977,1718
978,1021
978,1265
978,1467
978,1743
979,1004
979,1058
979,1062
979,1297
979,1764
980,1026
980,1175
980,1356
980,1470
980,1504
980,1578
980,1741
980,1947
981,1207
981,1586
981,1653
981,1898
982,1204
982,1432
982,1513
982,1777
982,1851
983,1104
983,1195
983,1520
984,1049
984,1074
984,1090
984,1196
984,1221
984,1369
984,1523
985,1960
986,1044
986,1277
986,1584
987,1027
987,1290
987,1852
987,1917
988,1154
988,1195
988,1520
989,1147
990,1018
990,1019
990,1250
990,1424
990,1576
990,1579
990,1822
990,1936
991,1046
991,1186
991,1268
991,1355
991,1671
991,1739
991,1879
991,1910
991,1918
991,1987
992,1140
992,1554
992,1669
992,1959
993,1072
993,1378
993,1896
994,1258
994,1345
994,1463
994,1822
994,1972
996,1211
996,1508
996,1640
996,1709
996,1717
998,1278
998,1494
998,1620
998,1630
998,1991
999,1013
999,1056
999,1132
999,1327
999,1474
999,1767
999,1990
1000,1056
1000,1336
1000,1582
1000,1761
1001,1068
1001,1126
1001,1159
1001,1620
1001,1630
1001,1878
1002,1094
1002,1199
1002,1260
1002,1397
1002,1399
1002,1458
1002,1770
1002,1781
1002,1929
1003,1794
1004,1062
1004,1127
1004,1158
1004,1297
1004,1386
1004,1764
1004,1920
1005,1025
1005,1409
1005,1457
1005,1547
1005,1620
1005,1650
1005,1804
1005,1878
1005,1886
1005,1999
1006,1289
1006,1338
1006,1675
1007,1053
1007,1433
1007,1485
1008,1064
1009,1589
1009,1602
1009,1610
1009,1814
1010,1287
1010,1428
1010,1565
1010,1733
1010,1754
1011,1316
1011,1691
1011,1819
1011,1834
1011,1847
1011,1862
1012,1544
1012,1744
1012,1760
1012,1808
1012,1834
1013,1056
1013,1368
1013,1474
1013,1476
1013,1729
1013,1745
1013,1767
1013,1949
1013,1990
1014,1156
1014,1259
1014,1325
1014,1452
1015,1304
1017,1180
1017,1887
1017,1933
1018,1116
1018,1250
1018,1276
1018,1424
1018,1579
1018,1659
1018,1759
1018,1822
1019,1155
1019,1281
1019,1372
1019,1528
1019,1576
1019,1579
1019,1718
1019,1936
1020,1157
1020,1312
1020,1465
1020,1848
1021,1301
1021,1631
1021,1679
1021,1751
1022,1041
1022,1072
1022,1244
1022,1378
1022,1896
1023,1130
1023,1954
1024,1549
1024,1621
1024,1823
1025,1255
1025,1278
1025,1961
1025,1999
1026,1356
1026,1470
1026,1504
1026,1598
1026,1674
1026,1741
1026,1858
1026,1871
1027,1852
1028,1482
1028,1529
1028,1685
1029,1058
1029,1697
1030,1736
1032,1302
1032,1611
1032,1726
1032,1937
1033,1132
1033,1647
1033,1691
1033,1819
1033,1838
1033,1847
1033,1862
1034,1178
1034,1412
1034,1489
1035,1036
1035,1047
1035,1363
1035,1409
1035,1457
1035,1483
1035,1496
1035,1584
1035,1607
1035,1804
1035,1864
1035,1948
1036,1396
1036,1483
1036,1496
1036,1864
1036,1970
1037,1271
1038,1239
1038,1264
1038,1466
1038,1710
1038,1752
1038,1952
1040,1043
1040,1118
1040,1270
1040,1943
1041,1242
1041,1244
1041,1873
1042,1119
1042,1251
1042,1318
1042,1366
1042,1743
1042,1894
1042,1935
1043,1625
1044,1415
1044,1547
1044,1584
1044,1886
1044,1948
1045,1218
1045,1292
1045,1421
1045,1454
1045,1469
1045,1593
1045,1599
1045,1619
1045,1833
1045,1890
1045,1927
1045,1965
1046,1186
1046,1208
1046,1268
1046,1739
1046,1753
1046,1910
1046,1918
1047,1205
1047,1584
1047,1607
1047,1756
1047,1925
1047,1948
1048,1492
1048,1571
1049,1074
1049,1090
1049,1196
1049,1221
1049,1369
1049,1523
1050,1166
1050,1324
1051,1133
1051,1293
1051,1637
1051,1643
1051,1715
1051,1729
1052,1361
1052,1758
1054,1059
1054,1069
1054,1635
1054,1854
1054,1980
1055,1442
1055,1785
1056,1729
1056,1761
1056,1767
1057,1241
1058,1096
1058,1269
1059,1069
1059,1854
1060,1095
1060,1141
1060,1198
1060,1403
1060,1449
1060,1904
1061,1099
1061,1159
1061,1311
1061,1396
1061,1401
1061,1469
1061,1593
1061,1833
1061,1927
1061,1965
1062,1127
1062,1158
1062,1297
1062,1386
1062,1764
1062,1920
1063,1127
1063,1158
1063,1386
1063,1434
1063,1810
1063,1855
1063,1920
1064,1732
1065,1802
1065,1813
1065,1977
1066,1120
1066,1498
1066,1542
1067,1578
1067,1844
1067,1946
1067,1969
1068,1218
1068,1230
1068,1401
1068,1630
1068,1833
1068,1927
1068,1965
1069,1635
1069,1666
1069,1671
1069,1854
1069,1980
1070,1344
1070,1889
1071,1212
1071,1337
1071,1627
1071,1708
1072,1324
1072,1896
1073,1083
1073,1192
1073,1389
1073,1816
1074,1196
1074,1221
1074,1369
1074,1429
1074,1523
1074,1796
1075,1091
1075,1715
1076,1422
1076,1429
1076,1782
1076,1796
1076,1911
1077,1590
1077,1720
1077,1749
1078,1285
1078,1286
1078,1347
1078,1680
1079,1993
1080,1240
1080,1262
1080,1591
1081,1266
1081,1322
1081,1768
1081,1803
1081,1812
1082,1320
1082,1377
1082,1453
1082,1462
1082,1537
1082,1707
1082,1721
1083,1192
1083,1567
1083,1786
1084,1387
1084,1664
1084,1989
1085,1304
1086,1746
1087,1323
1087,1602
1087,1614
1088,1284
1088,1786
1089,1197
1089,1467
1089,1556
1089,1899
1090,1245
1090,1369
1090,1473
1090,1523
1092,1228
1092,1257
1092,1682
1093,1363
1093,1457
1093,1650
1093,1948
1094,1199
1094,1397
1094,1458
1094,1929
1095,1403
1095,1449
1095,1573
1095,1797
1095,1855
1095,1904
1095,1916
1096,1552
1096,1697
1096,1827
1096,1875
1097,1596
1098,1172
1098,1183
1098,1737
1098,1783
1098,1885
1099,1174
1099,1273
1099,1469
1099,1593
1099,1624
1099,1965
1100,1261
1100,1279
1100,1626
1101,1113
1101,1418
1101,1532
1101,1574
1101,1688
1101,1716
1102,1435
1104,1195
1104,1963
1105,1131
1105,1381
1105,1871
1106,1302
1106,1611
1106,1726
1106,1992
1107,1247
1107,1718
1108,1388
1108,1553
1108,1597
1109,1440
1110,1219
1110,1582
1111,1113
1111,1570
1111,1574
1111,1688
1111,1716
1111,1792
1111,1850
1112,1310
1112,1373
1112,1562
1112,1902
1113,1329
1113,1574
1113,1688
1113,1716
1113,1792
1113,1850
1114,1128
1114,1472
1114,1551
1115,1459
1115,1909
1116,1250
1116,1276
1116,1437
1116,1561
1116,1659
1116,1759
1116,1888
1116,1908
1117,1563
1117,1934
1118,1943
1119,1265
1119,1318
1119,1743
1119,1894
1119,1935
1120,1542
1121,1335
1121,1385
1122,1185
1123,1921
1124,1683
1124,1705
1125,1388
1125,1597
1125,1665
1125,1738
1125,1756
1125,1866
1125,1925
1126,1159
1126,1409
1126,1496
1126,1620
1126,1650
1126,1804
1126,1829
1126,1878
1127,1158
1127,1386
1127,1747
1127,1764
1127,1920
1128,1129
1128,1456
1128,1551
1128,1677
1129,1456
1129,1551
1129,1677
1129,1958
1131,1598
1131,1858
1131,1871
1132,1162
1132,1327
1132,1474
1132,1647
1132,1838
1133,1359
1133,1643
1133,1715
1133,1729
1134,1320
1134,1343
1134,1707
1134,1722
1135,1420
1135,1694
1135,1712
1136,1333
1136,1704
1137,1677
1137,1958
1138,1215
1138,1284
1139,1220
1139,1690
1140,1669
1140,1959
1141,1449
1141,1766
1141,1880
1141,1904
1142,1851
1143,1188
1143,1460
1143,1580
1143,1601
1143,1689
1143,1795
1144,1165
1144,1315
1144,1796
1144,1911
1145,1622
1145,1661
1145,1750
1145,1994
1146,1162
1146,1191
1146,1249
1146,1342
1146,1555
1146,1792
1146,1838
1146,1850
1148,1269
1148,1958
1149,1665
1149,1866
1149,1925
1150,1512
1152,1536
1152,1885
1153,1184
1154,1195
1155,1281
1155,1372
1155,1528
1155,1718
1155,1936
1155,1955
1156,1259
1156,1325
1156,1452
1157,1465
1157,1802
1157,1813
1158,1386
1158,1674
1158,1764
1158,1810
1158,1855
1158,1920
1159,1232
1159,1311
1159,1396
1159,1401
1159,1930
1159,1965
1160,1255
1160,1278
1160,1446
1160,1505
1160,1547
1160,1770
1160,1869
1160,1886
1160,1999
1161,1708
1161,1821
1161,1824
1161,1845
1161,1884
1162,1191
1162,1249
1162,1327
1162,1342
1162,1474
1162,1555
1162,1647
1162,1838
1163,1176
1165,1796
1166,1789
1167,1727
1169,1326
1169,1575
1170,1789
1171,1843
1171,1947
1171,1963
1171,1997
1172,1684
1173,1670
1173,1881
1173,1883
1174,1337
1174,1593
1174,1599
1174,1624
1174,1775
1174,1821
1175,1403
1175,1504
1175,1916
1175,1947
1177,1270
1178,1412
1178,1464
1178,1489
1179,1595
1179,1703
1180,1933
1182,1280
1182,1440
1182,1892
1183,1604
1183,1737
1183,1755
1183,1783
1183,1830
1184,1872
1185,1253
1185,1714
1185,1968
1186,1208
1186,1268
1186,1671
1186,1739
1186,1879
1186,1910
1186,1918
1188,1460
1188,1601
1188,1689
1188,1795
1189,1302
1189,1591
1189,1726
1189,1820
1189,1900
1189,1926
1190,1248
1190,1557
1190,1840
1191,1249
1191,1342
1191,1555
1191,1792
1192,1305
1193,1371
1193,1475
1193,1484
1194,1856
1194,1874
1194,1876
1194,1971
1195,1520
1196,1221
1196,1369
1196,1429
1196,1523
1196,1796
1197,1301
1197,1467
1197,1899
1199,1260
1199,1311
1199,1397
1199,1399
1199,1770
1199,1781
1199,1929
1199,1930
1201,1988
1203,1208
1204,1432
1204,1516
1205,1607
1205,1665
1205,1866
1205,1925
1206,1238
1207,1586
1208,1268
1208,1918
1209,1951
1210,1233
1210,1354
1210,1397
1210,1455
1210,1458
1210,1770
1210,1781
1210,1869
1211,1254
1211,1422
1211,1508
1211,1640
1211,1709
1212,1213
1212,1613
1212,1627
1212,1757
1213,1613
1213,1627
1213,1757
1213,1845
1214,1548
1215,1730
1215,1975
1216,1410
1216,1462
1216,1608
1216,1707
1216,1803
1216,1831
1217,1296
1217,1509
1217,1782
1218,1230
1218,1292
1218,1401
1218,1469
1218,1593
1218,1833
1219,1582
1219,1637
1219,1976
1220,1690
1221,1369
1221,1429
1221,1523
1222,1244
1222,1629
1222,1754
1226,1314
1226,1501
1226,1566
1227,1492
1227,1861
1228,1257
1228,1682
1229,1480
1230,1292
1230,1401
1230,1469
1230,1593
1230,1833
1230,1965
1231,1264
1231,1706
1232,1273
1232,1365
1232,1396
1232,1773
1232,1970
1233,1354
1233,1397
1233,1458
1233,1564
1233,1605
1233,1770
1233,1832
1234,1777
1235,1272
1235,1884
1235,1938
1236,1384
1236,1463
1236,1579
1236,1640
1237,1246
1237,1306
1237,1891
1239,1264
1239,1466
1239,1710
1239,1752
1239,1952
1239,1953
1240,1302
1240,1393
1240,1591
1241,1478
1241,1533
1242,1346
1242,1839
1242,1873
1243,1316
1243,1438
1243,1439
1243,1658
1243,1744
1243,1808
1243,1860
1244,1288
1244,1629
1245,1353
1245,1523
1246,1306
1246,1367
1247,1416
1247,1615
1247,1731
1247,1825
1248,1702
1249,1342
1249,1474
1249,1850
1249,1990
1250,1276
1250,1437
1250,1475
1250,1659
1250,1759
1250,1888
1250,1908
1251,1366
1251,1374
1251,1490
1251,1935
1252,1336
1252,1632
1253,1968
1254,1315
1254,1422
1254,1508
1254,1709
1254,1901
1254,1973
1255,1278
1255,1446
1255,1505
1255,1991
1255,1999
1256,1651
1256,1740
1257,1682
1258,1295
1258,1345
1258,1357
1258,1414
1258,1425
1258,1837
1258,1972
1259,1452
1259,1648
1260,1311
1260,1399
1260,1409
1260,1829
1260,1929
1260,1930
1261,1283
1261,1626
1261,1931
1262,1945
1263,1330
1263,1431
1263,1497
1264,1466
1264,1752
1264,1952
1265,1743
1265,1745
1265,1935
1265,1990
1266,1322
1266,1768
1266,1803
1266,1812
1267,1522
1267,1719
1267,1974
1268,1355
1268,1739
1268,1910
1268,1918
1269,1958
1271,1641
1271,1867
1271,1960
1272,1339
1272,1387
1272,1493
1272,1938
1273,1365
1273,1392
1273,1450
1273,1550
1273,1624
1273,1773
1274,1331
1274,1557
1275,1320
1276,1437
1276,1475
1276,1576
1276,1825
1276,1888
1276,1908
1276,1936
1277,1756
1278,1991
1278,1999
1280,1440
1280,1778
1280,1892
1280,1906
1281,1372
1281,1528
1281,1576
1281,1718
1281,1936
1281,1955
1282,1359
1282,1488
1282,1585
1282,1656
1284,1786
1285,1347
1285,1680
1286,1680
1287,1377
1287,1428
1287,1462
1287,1565
1287,1754
1287,1801
1287,1984
1288,1453
1288,1721
1289,1338
1290,1618
1291,1472
1291,1921
1292,1469
1292,1545
1292,1593
1292,1599
1292,1890
1293,1729
1294,1979
1295,1345
1295,1422
1295,1425
1295,1837
1296,1509
1297,1386
1298,1323
1299,1334
1299,1525
1299,1614
1299,1849
1300,1604
1301,1631
1301,1751
1301,1899
1302,1591
1302,1611
1302,1726
1302,1926
1302,1992
1303,1444
1305,1700
1306,1367
1309,1818
1310,1373
1310,1532
1310,1623
1311,1396
1311,1401
1311,1929
1311,1930
1312,1848
1313,1657
1313,1778
1314,1566
1315,1911
1316,1438
1316,1658
1316,1691
1316,1744
1316,1808
1316,1847
1316,1862
1317,1562
1318,1366
1318,1743
1318,1894
1318,1935
1319,1410
1319,1436
1319,1608
1319,1768
1319,1803
1319,1812
1320,1343
1320,1707
1320,1722
1321,1367
1321,1393
1323,1860
1327,1474
1327,1647
1327,1838
1327,1862
1327,1914
1329,1438
1329,1439
1329,1792
1330,1430
1330,1431
1330,1515
1330,1995
1331,1498
1331,1557
1332,1362
1332,1444
1332,1877
1333,1681
1334,1614
1334,1642
1334,1849
1335,1385
1337,1545
1337,1599
1337,1627
1337,1775
1337,1821
1338,1510
1338,1675
1338,1845
1339,1387
1339,1870
1340,1500
1340,1554
1340,1676
1341,1379
1341,1381
1341,1470
1341,1578
1341,1598
1341,1644
1341,1741
1341,1844
1342,1368
1342,1474
1342,1476
1342,1555
1342,1841
1342,1949
1343,1707
1343,1722
1344,1503
1344,1889
1345,1357
1345,1414
1345,1425
1346,1526
1346,1873
1347,1527
1347,1680
1347,1696
1350,1632
1350,1914
1352,1788
1353,1448
1353,1473
1353,1700
1354,1446
1354,1564
1354,1832
1355,1739
1355,1910
1356,1470
1356,1504
1356,1578
1356,1741
1356,1947
1357,1414
1357,1972
1359,1488
1359,1581
1359,1585
1359,1912
1361,1538
1363,1409
1363,1457
1363,1496
1363,1584
1363,1607
1363,1650
1363,1804
1363,1864
1363,1948
1365,1392
1365,1773
1365,1970
1366,1374
1366,1490
1366,1532
1366,1570
1368,1474
1368,1476
1368,1555
1368,1841
1368,1949
1369,1523
1370,1412
1370,1615
1370,1731
1371,1420
1372,1528
1372,1718
1372,1926
1372,1955
1373,1902
1374,1490
1374,1532
1374,1570
1377,1428
1377,1462
1377,1565
1377,1754
1378,1728
1379,1381
1379,1470
1379,1578
1379,1598
1379,1644
1379,1741
1379,1844
1379,1858
1379,1946
1380,1941
1381,1470
1381,1598
1381,1644
1381,1741
1381,1844
1381,1858
1381,1871
1382,1459
1382,1646
1382,1764
1382,1909
1384,1463
1384,1521
1384,1579
1385,1993
1386,1434
1386,1764
1387,1672
1387,1870
1387,1989
1388,1553
1388,1597
1388,1738
1388,1982
1389,1466
1389,1816
1389,1940
1390,1583
1391,1854
1392,1711
1392,1773
1392,1970
1394,1768
1394,1812
1396,1496
1396,1930
1396,1970
1397,1399
1397,1455
1397,1458
1397,1770
1397,1781
1397,1869
1398,1513
1399,1409
1399,1620
1399,1770
1399,1781
1399,1829
1399,1869
1399,1929
1400,1446
1400,1494
1400,1991
1401,1469
1401,1593
1401,1833
1401,1927
1401,1965
1403,1449
1403,1573
1403,1797
1403,1855
1403,1904
1403,1916
1404,1733
1405,1771
1405,1772
1406,1805
1407,1605
1409,1415
1409,1457
1409,1496
1409,1584
1409,1620
1409,1650
1409,1804
1409,1829
1409,1864
1409,1878
1409,1948
1410,1436
1410,1462
1410,1608
1410,1768
1410,1803
1410,1831
1411,1487
1413,1544
1413,1610
1414,1837
1414,1972
1415,1457
1415,1547
1415,1584
1415,1886
1415,1948
1416,1615
1416,1731
1416,1825
1417,1807
1418,1574
1418,1688
1418,1716
1420,1638
1421,1454
1421,1619
1421,1779
1421,1833
1421,1890
1421,1927
1422,1508
1422,1709
1423,1438
1423,1658
1423,1691
1423,1744
1424,1579
1424,1822
1425,1822
1426,1427
1428,1565
1428,1733
1428,1754
1428,1984
1429,1782
1429,1796
1429,1911
1430,1515
1430,1687
1430,1913
1430,1995
1431,1497
1431,1540
1432,1516
1433,1468
1433,1485
1433,1798
1434,1503
1436,1768
1436,1801
1436,1803
1436,1812
1436,1984
1437,1561
1437,1659
1437,1888
1437,1908
1438,1439
1438,1658
1438,1691
1438,1744
1438,1808
1439,1658
1439,1860
1440,1892
1440,1906
1442,1594
1442,1785
1442,1842
1444,1877
1445,1634
1445,1859
1446,1869
1446,1991
1447,1506
1448,1473
1448,1519
1448,1700
1448,1723
1448,1863
1449,1573
1449,1797
1449,1904
1450,1550
1450,1624
1450,1821
1450,1938
1451,1530
1452,1648
1453,1537
1453,1721
1454,1593
1454,1619
1454,1779
1454,1833
1454,1890
1454,1927
1454,1965
1455,1458
1455,1501
1456,1551
1456,1677
1457,1584
1457,1650
1457,1804
1457,1864
1457,1878
1457,1886
1457,1948
1458,1770
1458,1781
1458,1869
1459,1646
1459,1909
1461,1491
1462,1565
1462,1608
1462,1801
1462,1803
1462,1831
1462,1984
1463,1521
1464,1489
1465,1848
1466,1723
1466,1752
1466,1816
1467,1556
1468,1485
1468,1964
1469,1593
1469,1833
1469,1927
1469,1965
1470,1578
1470,1598
1470,1644
1470,1741
1470,1858
1470,1871
1471,1479
1471,1531
1473,1700
1473,1863
1474,1476
1474,1767
1474,1838
1474,1949
1475,1576
1475,1908
1475,1936
1476,1555
1476,1841
1476,1949
1477,1776
1478,1519
1478,1533
1478,1723
1478,1863
1479,1531
1479,1793
1479,1905
1480,1554
1480,1959
1481,1800
1482,1529
1482,1685
1483,1496
1483,1864
1483,1868
1483,1970
1487,1600
1488,1585
1488,1656
1490,1532
1493,1510
1493,1938
1494,1630
1494,1781
1494,1869
1494,1991
1495,1628
1495,1967
1496,1804
1496,1829
1496,1864
1496,1930
1496,1970
1497,1896
1497,1913
1498,1542
1499,1546
1499,1780
1499,1924
1500,1676
1504,1916
1505,1547
1505,1770
1505,1869
1505,1886
1506,1762
1508,1709
1508,1888
1510,1675
1510,1845
1511,1662
1512,1664
1513,1777
1515,1818
1517,1897
1517,1957
1517,1983
1518,1797
1518,1904
1519,1700
1519,1723
1519,1863
1521,1611
1521,1726
1521,1926
1521,1992
1522,1719
1524,1865
1524,1962
1525,1956
1527,1696
1528,1718
1528,1926
1528,1955
1529,1618
1529,1685
1531,1765
1531,1905
1532,1570
1532,1623
1532,1688
1533,1863
1534,1664
1535,1612
1535,1735
1535,1791
1536,1603
1536,1673
1536,1765
1536,1853
1536,1966
1537,1707
1537,1721
1538,1846
1543,1625
1544,1760
1544,1834
1544,1907
1545,1599
1545,1775
1546,1780
1546,1924
1547,1886
1548,1734
1549,1823
1549,1881
1550,1624
1552,1697
1552,1827
1553,1587
1553,1592
1554,1959
1555,1841
1555,1949
1559,1815
1563,1934
1564,1605
1564,1633
1564,1832
1565,1754
1565,1984
1567,1956
1568,1786
1569,1640
1569,1717
1569,1825
1570,1574
1570,1688
1571,1742
1572,1826
1573,1916
1574,1688
1574,1716
1574,1850
1576,1718
1576,1936
1577,1747
1578,1598
1578,1644
1578,1741
1578,1844
1578,1946
1579,1936
1580,1689
1581,1585
1581,1912
1582,1761
1583,1771
1584,1886
1584,1948
1585,1912
1586,1653
1586,1898
1588,1653
1589,1610
1589,1814
1590,1720
1590,1749
1591,1820
1591,1900
1593,1624
1593,1833
1593,1927
1593,1965
1595,1703
1598,1644
1598,1741
1598,1858
1598,1871
1599,1775
1601,1689
1601,1795
1602,1660
1602,1814
1602,1950
1603,1673
1603,1765
1603,1853
1604,1755
1604,1830
1605,1633
1605,1832
1607,1864
1607,1866
1608,1803
1608,1831
1610,1939
1611,1726
1611,1926
1611,1937
1612,1791
1612,1798
1613,1757
1615,1731
1618,1685
1618,1852
1619,1779
1619,1833
1619,1890
1619,1927
1620,1804
1620,1869
1620,1878
1620,1999
1621,1823
1623,1688
1624,1775
1624,1821
1627,1708
1628,1872
1628,1967
1629,1754
1630,1781
1630,1869
1632,1914
1634,1766
1635,1671
1635,1735
1635,1879
1635,1980
1637,1715
1637,1976
1639,1827
1639,1875
1640,1901
1641,1893
1642,1849
1643,1729
1644,1741
1644,1844
1644,1946
1646,1701
1647,1819
1647,1838
1647,1847
1647,1862
1647,1914
1650,1804
1650,1878
1650,1948
1651,1740
1652,1725
1652,1730
1652,1975
1654,1669
1654,1736
1658,1691
1658,1744
1658,1808
1659,1759
1659,1888
1660,1950
1664,1989
1665,1866
1665,1925
1666,1980
1667,1893
1667,1960
1669,1959
1670,1881
1670,1883
1670,1889
1671,1854
1671,1879
1671,1910
1671,1980
1672,1870
1672,1989
1673,1765
1673,1853
1673,1966
1674,1810
1674,1855
1674,1858
1674,1871
1674,1920
1677,1958
1679,1714
1679,1968
1680,1696
1683,1705
1683,1793
1683,1923
1684,1766
1684,1830
1687,1995
1689,1795
1691,1847
1694,1712
1698,1870
1699,1944
1700,1723
1700,1863
1701,1755
1706,1835
1706,1978
1707,1722
1707,1831
1708,1824
1708,1884
1709,1901
1710,1752
1710,1952
1711,1773
1711,1868
1711,1970
1713,1724
1713,1835
1713,1952
1713,1978
1714,1968
1716,1792
1716,1850
1717,1825
1717,1888
1717,1908
1718,1936
1718,1955
1719,1974
1723,1863
1724,1952
1724,1953
1724,1978
1725,1730
1725,1996
1726,1926
1729,1949
1730,1975
1731,1825
1734,1857
1735,1791
1735,1879
1737,1783
1738,1982
1739,1753
1739,1910
1739,1918
1741,1844
1742,1944
1743,1894
1744,1808
1745,1767
1745,1990
1746,1817
1746,1903
1750,1994
1751,1899
1752,1952
1752,1953
1753,1918
1756,1925
1757,1853
1758,1800
1759,1822
1759,1888
1760,1834
1760,1907
1764,1810
1764,1920
1765,1853
1765,1966
1767,1949
1767,1990
1768,1803
1768,1812
1769,1922
1770,1781
1770,1869
1773,1970
1774,1783
1774,1876
1774,1971
1775,1821
1779,1833
1779,1890
1779,1927
1780,1924
1781,1869
1782,1911
1783,1830
1790,1799
1792,1850
1793,1905
1796,1911
1797,1855
1797,1904
1798,1846
1801,1984
1802,1813
1803,1812
1803,1831
1804,1829
1804,1864
1804,1878
1807,1863
1808,1834
1810,1855
1810,1858
1810,1920
1815,1861
1816,1902
1819,1847
1819,1862
1819,1914
1820,1900
1821,1845
1824,1884
1825,1908
1827,1875
1829,1878
1829,1929
1829,1930
1830,1880
1833,1890
1833,1927
1833,1965
1835,1952
1835,1978
1837,1972
1838,1862
1839,1913
1843,1947
1843,1969
1843,1997
1844,1946
1847,1862
1852,1882
1853,1966
1854,1980
1855,1920
1856,1874
1857,1865
1857,1957
1858,1871
1858,1920
1862,1914
1864,1948
1866,1925
1874,1876
1874,1971
1876,1971
1879,1910
1883,1969
1886,1948
1888,1908
1890,1927
1892,1906
1892,1961
1893,1960
1901,1973
1903,1951
1905,1966
1910,1918
1927,1965
1929,1930
1934,1939
1945,1973
1947,1997
1952,1953
1952,1978
1961,1999
